0 0.3033828125 0.5451388888888888 0.16146093749999998 0.3819444444444444
0 0.13997656249999998 0.5138888888888888 0.17578125 0.4629583333333333
0 0.6764296875 0.6701388888888888 0.17057031250000002 0.6597222222222222
0 0.5364609375 0.5243055555555556 0.13541406250000002 0.6597222222222222
0 0.3723984375 0.3761527777777778 0.11197656250000002 0.3402777777777778
0 0.2376328125 0.317125 0.13150781250000002 0.2824027777777778
0 0.84765625 0.4745416666666667 0.13802343749999998 0.4583333333333333
0 0.7942734375 0.3159722222222222 0.11197656250000002 0.4375
0 0.7057265625 0.2511527777777778 0.0807265625 0.2986111111111111
0 0.443359375 0.5057916666666666 0.13671875 0.33565277777777774
0 0.9344609374999999 0.7894444444444444 0.1310859375 0.4211111111111111
0 0.8624296875 0.7172222222222222 0.17140625 0.5655555555555556
0 0.1314296875 0.7575 0.12190625 0.485
0 0.4720703125 0.8269444444444444 0.1906875 0.3461111111111111
0 0.038101562500000005 0.4468611111111111 0.07275000000000001 0.23594444444444443
0 0.049539062499999995 0.262125 0.0925 0.21648611111111113
0 0.9539921874999999 0.3678194444444444 0.0920234375 0.4445277777777778
0 0.3197890625 0.2609861111111111 0.05487499999999999 0.15309722222222222
0 0.1530234375 0.23358333333333334 0.05884374999999999 0.13718055555555556
0 0.6498437499999999 0.16780555555555554 0.0681171875 0.17783333333333332
0 0.0926484375 0.24798611111111113 0.06309375 0.19930555555555557