0 0.1160453216374269 0.5061848958333334 0.1516812865497076 0.3743489583333333
0 0.2777777777777778 0.724609375 0.14985380116959066 0.55078125
0 0.4788011695906433 0.673828125 0.16812865497076024 0.3515625
0 0.3399122807017544 0.4777018229166667 0.06396198830409357 0.2001953125
0 0.49159356725146197 0.4736328125 0.09320175438596491 0.23111979166666666
0 0.6830226608187134 0.5794270833333334 0.20741959064327486 0.41015625
0 0.8727485380116959 0.6934798177083333 0.2545010964912281 0.6130436197916667
0 0.7864528508771931 0.5487174479166667 0.10090277777777777 0.2896907552083333
0 0.3133936403508772 0.49585611979166666 0.07597404970760234 0.15435872395833333
0 0.5715880847953216 0.49479817708333335 0.0510453216374269 0.26220052083333334
0 0.06304824561403509 0.8662109375 0.12609649122807018 0.267578125