0 0.8149583333333333 0.6355462962962963 0.02301388888888889 0.0835
0 0.7999722222222222 0.7254722222222222 0.07975694444444444 0.17628703703703702
0 0.6136944444444444 0.7158425925925926 0.05299305555555556 0.17413888888888887
0 0.6249374999999999 0.6458981481481482 0.020874999999999998 0.08707407407407408
0 0.5507986111111111 0.7718703703703704 0.08029166666666666 0.1962685185185185
0 0.5200208333333334 0.6533888888888889 0.03158333333333333 0.07922222222222222
0 0.4903125 0.6384074074074074 0.021409722222222222 0.0835
0 0.44053472222222223 0.6405462962962962 0.022479166666666665 0.06780555555555556
0 0.30456944444444445 0.7087037037037037 0.05459722222222223 0.13417592592592592
0 0.18600694444444446 0.7465277777777778 0.05834722222222222 0.18841666666666668
0 0.176375 0.8050555555555556 0.03372222222222222 0.11133333333333333
0 0.20608333333333334 0.6983518518518519 0.02676388888888889 0.1149074074074074
0 0.059416666666666666 0.7804351851851852 0.05995138888888889 0.17771296296296296
0 0.04095138888888889 0.7029907407407407 0.028368055555555556 0.11276851851851852
0 0.11749305555555556 0.7040648148148148 0.042284722222222224 0.13061111111111112