0 0.173828125 0.7284722222222222 0.04453125 0.2652777777777778
0 0.78828125 0.7875 0.0375 0.2388888888888889
0 0.899609375 0.7548611111111111 0.03046875 0.17916666666666667
0 0.59296875 0.8006944444444445 0.0484375 0.2902777777777778
0 0.725390625 0.8069444444444445 0.04453125 0.2361111111111111
0 0.7546875 0.8173611111111111 0.05625 0.2625
0 0.53984375 0.8236111111111111 0.078125 0.3138888888888889
0 0.3625 0.8395833333333333 0.071875 0.32083333333333336
0 0.419921875 0.8493055555555555 0.07890625 0.3013888888888889
0 0.473828125 0.8027777777777778 0.04765625 0.26944444444444443
0 0.4421875 0.7564861111111111 0.042710937500000004 0.2074027777777778
0 0.2231484375 0.6328194444444445 0.0224609375 0.11979166666666667
0 0.0166015625 0.6215277777777778 0.033203125 0.14930555555555555