0 0.2293515625 0.7258888888888889 0.01546875 0.07818055555555556
0 0.3897421875 0.7349027777777778 0.0197421875 0.11702777777777779
0 0.4188203125 0.7372500000000001 0.0157890625 0.108375
0 0.4622109375 0.7352361111111111 0.0185546875 0.11422222222222221
0 0.43455468750000004 0.7377222222222222 0.017210937500000002 0.10833333333333334
0 0.8086640624999999 0.8645972222222222 0.063875 0.2708055555555555
0 0.6690390625 0.9390277777777778 0.047015625 0.12195833333333334
0 0.49078125000000006 0.8563888888888889 0.08344531250000001 0.2872222222222222
0 0.5666953125 0.8804166666666666 0.099453125 0.23916666666666664
0 0.6325000000000001 0.7892916666666666 0.027046874999999998 0.14058333333333334
0 0.5530703124999999 0.7475694444444444 0.0197421875 0.08804166666666667