0 0.01332638888888889 0.7608981481481482 0.02665277777777778 0.19403703703703704
0 0.06536111111111112 0.7713333333333333 0.06556944444444444 0.1923425925925926
0 0.07974305555555555 0.6788333333333333 0.04864583333333333 0.07839814814814815
0 0.05266666666666667 0.6638888888888889 0.0275 0.08799074074074074
0 0.19904166666666667 0.688138888888889 0.035958333333333335 0.12296296296296297
0 0.23436111111111113 0.7135185185185186 0.059222222222222225 0.16921296296296295
0 0.26143750000000004 0.748212962962963 0.0346875 0.09532407407407407
0 0.6038819444444444 0.7239537037037037 0.0621875 0.19572222222222221
0 0.44693750000000004 0.6878611111111111 0.032576388888888884 0.1585
0 0.5664444444444444 0.7107037037037036 0.05330555555555556 0.18387962962962964
0 0.5440208333333333 0.6136851851851851 0.02792361111111111 0.08348148148148148
0 0.5706736111111111 0.6184814814814815 0.017770833333333333 0.07614814814814815
0 0.4414375 0.6091759259259258 0.021576388888888888 0.04850925925925926
0 0.39575 0.627787037037037 0.032576388888888884 0.07107407407407408
0 0.9311041666666666 0.5970462962962962 0.030458333333333334 0.07275925925925926
0 0.8183611111111111 0.6069166666666667 0.02242361111111111 0.08009259259259259