0 0.5960277777777777 0.7101296296296297 0.059416666666666666 0.19555555555555554
0 0.5499930555555556 0.6980000000000001 0.044430555555555556 0.1898425925925926
0 0.4201944444444445 0.6805092592592593 0.05352777777777778 0.15201851851851853
0 0.44186805555555553 0.6059351851851852 0.020874999999999998 0.058527777777777776
0 0.23579166666666668 0.7062037037037038 0.05620138888888889 0.15773148148148147
0 0.2703125 0.740462962962963 0.02676388888888889 0.09777777777777777
0 0.1809236111111111 0.6837222222222222 0.04817361111111111 0.11989814814814816
0 0.06825 0.7679444444444444 0.06797916666666667 0.19983333333333334
0 0.044159722222222225 0.6876481481481481 0.03372222222222222 0.10634259259259259
0 0.015791666666666666 0.7593796296296296 0.03051388888888889 0.19840740740740742
0 0.5604305555555555 0.6059351851851852 0.021409722222222222 0.08992592592592594
0 0.3741597222222222 0.6169907407407408 0.02676388888888889 0.06637037037037037