0 0.11857638888888888 0.7092222222222223 0.06902777777777779 0.18482407407407409
0 0.06206944444444444 0.625712962962963 0.0239375 0.08312962962962964
0 0.07849305555555555 0.6550370370370371 0.03674305555555556 0.10911111111111112
0 0.14779861111111112 0.6242314814814814 0.029506944444444447 0.06976851851851851
0 0.33568055555555554 0.6606018518518519 0.0300625 0.12469444444444443
0 0.7197986111111111 0.6620833333333332 0.04676388888888889 0.14400000000000002
0 0.4807013888888889 0.6197777777777778 0.02838888888888889 0.07719444444444445
0 0.5338611111111111 0.6097592592592592 0.015590277777777778 0.0764537037037037
0 0.6504861111111111 0.6131018518518518 0.029506944444444447 0.07571296296296295
0 0.6635694444444444 0.6090185185185185 0.024493055555555556 0.06309259259259259
0 0.9645555555555556 0.7463333333333333 0.07088888888888889 0.2486574074074074
0 0.9374583333333334 0.5889722222222222 0.022270833333333333 0.06309259259259259