0 0.8930138888888889 0.694 0.06976388888888889 0.20499074074074072
0 0.7599236111111111 0.6872314814814815 0.041993055555555554 0.19687037037037036
0 0.7998819444444444 0.6000833333333334 0.03250694444444445 0.08940740740740741
0 0.862875 0.5775092592592593 0.024381944444444446 0.08940740740740741
0 0.6888055555555556 0.6023425925925926 0.025736111111111112 0.07224074074074073
0 0.5946666666666667 0.6732314814814815 0.05689583333333334 0.13997222222222222
0 0.5096666666666666 0.6917407407407408 0.04809027777777778 0.1553240740740741
0 0.5394652777777778 0.7242500000000001 0.026416666666666665 0.09030555555555556
0 0.40976388888888887 0.6745833333333333 0.031152777777777776 0.09933333333333333
0 0.2929305555555555 0.759925925925926 0.05756944444444445 0.19235185185185186
0 0.33492361111111113 0.7368981481481481 0.049444444444444444 0.17158333333333334
0 0.38504166666666667 0.7486388888888889 0.04538194444444444 0.18783333333333335