0 0.012527777777777777 0.7700833333333333 0.025048611111111112 0.20262962962962963
0 0.060125 0.7734259259259259 0.06791666666666667 0.19298148148148148
0 0.0656875 0.656888888888889 0.03451388888888889 0.06531481481481483
0 0.10465972222222222 0.7047685185185185 0.043423611111111114 0.13731481481481483
0 0.2229513888888889 0.7185 0.04954166666666667 0.1736851851851852
0 0.2574652777777778 0.7545000000000001 0.03729861111111111 0.09723148148148149
0 0.5995486111111111 0.7452222222222222 0.06457638888888889 0.20783333333333334
0 0.6129097222222223 0.7118148148148148 0.07570833333333334 0.17813888888888887
0 0.4793055555555556 0.6969722222222222 0.06457638888888889 0.1543888888888889
0 0.42002083333333334 0.6346203703703703 0.03952777777777778 0.07274074074074074
0 0.44200694444444444 0.6197777777777778 0.022270833333333333 0.05937962962962962
0 0.5316388888888889 0.6182962962962962 0.023381944444444445 0.08164814814814815
0 0.5820138888888889 0.614212962962963 0.017256944444444446 0.05418518518518519
0 0.8166597222222223 0.6127222222222223 0.023381944444444445 0.07793518518518519