0 0.18419444444444444 0.7959537037037037 0.09790972222222223 0.14933333333333335
0 0.12502777777777777 0.6748055555555555 0.03592361111111111 0.08171296296296296
0 0.16130555555555556 0.6663518518518519 0.03099305555555556 0.10049074074074074
0 0.2880972222222222 0.6738611111111111 0.021131944444444443 0.09861111111111111
0 0.3123958333333334 0.6677592592592592 0.03169444444444444 0.08076851851851852
0 0.3659305555555556 0.6597777777777777 0.024652777777777777 0.08358333333333333
0 0.3955138888888889 0.730212962962963 0.0725486111111111 0.16999074074074075
0 0.9505694444444444 0.695462962962963 0.0965 0.19440740740740742
0 0.5712569444444444 0.7128425925925926 0.052125000000000005 0.1559074074074074
0 0.5184305555555555 0.6386388888888889 0.018312500000000002 0.0751388888888889
0 0.9706458333333333 0.6034259259259259 0.02395138888888889 0.07419444444444444