0 0.816736111111111 0.6329537037037037 0.022875 0.0847962962962963
0 0.743986111111111 0.7253796296296297 0.08510416666666666 0.17692592592592593
0 0.6135694444444444 0.642712962962963 0.024687499999999998 0.07991666666666666
0 0.581875 0.7708703703703703 0.07248611111111111 0.19925
0 0.5836111111111111 0.6732222222222223 0.04915277777777778 0.08737962962962964
0 0.49225694444444446 0.6497222222222223 0.036243055555555556 0.07877777777777778
0 0.44112500000000004 0.6384722222222222 0.023333333333333334 0.06818518518518518
0 0.28324305555555557 0.7079814814814814 0.03227083333333333 0.13702777777777778
0 0.18940972222222222 0.7390925925925926 0.06901388888888889 0.18601851851851853
0 0.21075694444444446 0.7993333333333333 0.034256944444444444 0.10789814814814815
0 0.10128472222222222 0.6997037037037036 0.033763888888888885 0.1244537037037037
0 0.061812500000000006 0.7781481481481481 0.060076388888888894 0.17939814814814814
0 0.025319444444444447 0.6997037037037036 0.03078472222222222 0.10459259259259258