0 0.38645054945054946 0.7352224052718286 0.13552747252747252 0.5295551894563426
0 0.6043956043956044 0.7507742998352555 0.13674725274725275 0.4984514003294893
0 0.742978021978022 0.7379571663920923 0.14041758241758243 0.5240691927512356
0 0.8736263736263736 0.7333937397034597 0.12087912087912088 0.5332125205930808
0 0.9560439560439561 0.7562767710049424 0.08791208791208792 0.4874464579901153
0 0.3138021978021978 0.7672487644151565 0.09768131868131869 0.465502471169687
0 0.15018681318681318 0.7425370675453048 0.1343076923076923 0.5149258649093904
0 0.22527472527472528 0.7404283360790774 0.06471428571428571 0.43382207578253706
0 0.47246153846153843 0.7583031301482702 0.07195604395604396 0.48339373970345967
0 0.5476153846153846 0.726985172981878 0.06231868131868132 0.40774299835255357
0 0.2495164835164835 0.606836902800659 0.029417582417582418 0.08403624382207578
0 0.34241758241758247 0.5461779242174629 0.039615384615384615 0.07739703459637562