0 0.5150520833333333 0.6751356993736952 0.19386718749999998 0.6497286012526097
0 0.7429166666666666 0.653089770354906 0.22135416666666666 0.6937995824634655
0 0.9188411458333333 0.6554070981210856 0.16233072916666666 0.6891649269311065
0 0.14467447916666668 0.6032150313152401 0.14756510416666666 0.7935490605427975
0 0.290078125 0.6078705636743216 0.14033854166666668 0.7842588726513571
0 0.4282421875 0.6519415448851774 0.14467447916666668 0.6961169102296451
0 0.6676822916666666 0.6449686847599165 0.10850260416666667 0.7100417536534447
0 0.3530078125 0.34910229645093943 0.1215234375 0.3502713987473904
0 0.4947916666666667 0.3189561586638831 0.13889322916666666 0.40592901878914406
0 0.8980598958333333 0.3226931106471816 0.1433203125 0.2249060542797495
0 0.4010026041666667 0.22572025052192068 0.07217447916666667 0.16133611691022964
0 0.8197916666666667 0.2786847599164927 0.09859375 0.29661795407098124
0 0.6230989583333334 0.22083507306889352 0.09351562499999999 0.23304801670146136
0 0.07725260416666667 0.5647181628392485 0.10571614583333333 0.7643632567849686
0 0.2098958333333333 0.2297912317327766 0.07217447916666667 0.2509812108559499
0 0.137734375 0.14179540709812108 0.09250000000000001 0.16949895615866387
0 0.059973958333333334 0.1947599164926931 0.07928385416666667 0.25260960334029225
0 0.29223958333333333 0.14993736951983297 0.12908854166666667 0.1955741127348643
0 0.3440755208333333 0.10430062630480168 0.06606770833333334 0.1564509394572025
0 0.4370833333333333 0.07659707724425886 0.11587239583333332 0.15319415448851773
0 0.9138151041666666 0.1572651356993737 0.07725260416666667 0.16461377870563673
0 0.9509114583333332 0.25586638830897707 0.057942708333333336 0.2933611691022965