0 0.325625 0.7096541786743515 0.07625 0.5643611911623438
0 0.436875 0.6207973102785783 0.06375 0.4058597502401537
0 0.55625 0.621998078770413 0.09 0.41306436119116235
0 0.68625 0.6412103746397695 0.09 0.4610951008645533
0 0.86625 0.617195004803074 0.09 0.42267050912584053
0 0.949375 0.5739673390970221 0.05625 0.3314121037463977
0 0.65 0.5451488952929875 0.05 0.3121998078770413
0 0.3925 0.5079250720461095 0.035 0.21853986551392893
0 0.503125 0.531940441882805 0.04125 0.2473583093179635
0 0.8081799999999999 0.5012680115273775 0.04182 0.19561959654178673
0 0.7270449999999999 0.4986455331412104 0.02591 0.1729106628242075
0 0.775225 0.4955907780979827 0.02318 0.15806916426512968
0 0.75591 0.46939481268011524 0.022725000000000002 0.1423439000960615
0 0.604775 0.4785590778097983 0.022275 0.1432180595581172
0 0.28 0.4955907780979827 0.03182 0.16155619596541787
0 0.122045 0.5597790585975024 0.059545 0.2567435158501441
0 0.065 0.5466762728146014 0.05 0.2532564841498559
0 0.157725 0.49733909702209417 0.02909 0.15980787704130645
0 0.212955 0.4912199807877041 0.022275 0.14932756964457253
0 0.357165 0.4732660902977906 0.021665 0.11527377521613832
0 0.535 0.4390009606147935 0.022664999999999998 0.08517771373679155
0 0.479165 0.4796637848222862 0.025 0.1524207492795389
0 0.463665 0.4434870317002882 0.021335 0.0941402497598463