0 0.5299479166666666 0.7754629629629629 0.09635416666666667 0.44907407407407407
0 0.6868489583333334 0.7835648148148148 0.13411458333333334 0.43287037037037035
0 0.7545572916666666 0.7777777777777778 0.10026041666666667 0.4444444444444444
0 0.9049479166666666 0.7210648148148148 0.06510416666666667 0.30787037037037035
0 0.9440104166666666 0.7175925925925926 0.059895833333333336 0.3194444444444444
0 0.4147135416666667 0.6840277777777778 0.06640625 0.27546296296296297
0 0.4873046875 0.6605925925925926 0.03125 0.21238425925925927
0 0.22102864583333334 0.640337962962963 0.020833333333333332 0.14293981481481483
0 0.1837578125 0.6354166666666666 0.0283203125 0.16203703703703703
0 0.11084114583333333 0.6846064814814815 0.0322265625 0.1724537037037037
0 0.13248697916666666 0.6712962962962963 0.027994791666666668 0.1724537037037037
0 0.1611328125 0.6756388888888889 0.026692708333333332 0.14872685185185186
0 0.033854166666666664 0.6180555555555556 0.01953125 0.10069444444444445