0 0.5118083333333333 0.6012296296296296 0.2625 0.6395111111111111
0 0.7041666666666667 0.6901185185185185 0.13055833333333333 0.37777777777777777
0 0.465975 0.7691407407407407 0.2513916666666667 0.4617333333333334
0 0.5576416666666666 0.8074074074074075 0.190275 0.3851851851851852
0 0.7243083333333333 0.5 0.3458333333333333 0.43703703703703706
0 0.22083333333333333 0.5493777777777777 0.23055833333333334 0.4271555555555555
0 0.11041666666666666 0.8641925925925926 0.17360833333333334 0.2716
0 0.25069166666666665 0.7086370370370371 0.12916666666666668 0.2716
0 0.08680833333333333 0.5308592592592593 0.09860833333333333 0.2962962962962963
0 0.035416666666666666 0.5604888888888888 0.07083333333333333 0.31604444444444446
0 0.12639166666666665 0.3098814814814815 0.072225 0.21974814814814816
0 0.303475 0.3950666666666667 0.17360833333333334 0.32592592592592595
0 0.7166666666666667 0.16666666666666666 0.09166666666666666 0.22469629629629628
0 0.48541666666666666 0.22345185185185187 0.08194166666666666 0.17037037037037037
0 0.5881916666666667 0.2506222222222222 0.0875 0.22962962962962963
0 0.6395833333333333 0.14074074074074075 0.090275 0.15802962962962963
0 0.29097500000000004 0.06789629629629629 0.0625 0.1358074074074074
0 0.871525 0.21974814814814816 0.209725 0.3506222222222222
0 0.9131916666666666 0.3234518518518519 0.09860833333333333 0.2222222222222222
0 0.9270833333333334 0.5925925925925926 0.14583333333333334 0.5185185185185185
0 0.7930583333333333 0.8234518518518519 0.18610833333333335 0.3530814814814815
0 0.9583333333333334 0.7419703703703704 0.08333333333333333 0.5160444444444444