0 0.31363076923076927 0.6053593179049939 0.08351538461538462 0.34835566382460414
0 0.41615384615384615 0.584652862362972 0.1 0.3654080389768575
0 0.9 0.5602923264311814 0.05846153846153846 0.3118148599269184
0 0.07138461538461538 0.48632155907429964 0.040315384615384614 0.1930328867235079
0 0.04197692307692308 0.5644336175395859 0.026092307692307692 0.12092570036540803
0 0.007115384615384615 0.5599269183922047 0.01423076923076923 0.11191230207064555
0 0.18216923076923078 0.49699147381242387 0.01966923076923077 0.1345797807551766
0 0.20756923076923076 0.5686845310596833 0.021776923076923076 0.07626065773447016
0 0.25475384615384616 0.500584652862363 0.02996923076923077 0.1130816077953715
0 0.4680076923076923 0.5415590742996346 0.01773076923076923 0.05573690621193666
0 0.48358461538461534 0.5389524969549331 0.01646153846153846 0.047320341047503045
0 0.5381615384615385 0.5335444579780756 0.0157 0.0846163215590743
0 0.580076923076923 0.5333373934226553 0.017984615384615384 0.08421437271619976
0 0.6256615384615385 0.5317417783191231 0.031153846153846153 0.08902557856272839
0 0.6544 0.5277222898903776 0.019246153846153847 0.09623629719853838
0 0.6770692307692308 0.5279293544457978 0.023553846153846154 0.09423873325213156
0 0.7248076923076923 0.5305359317904994 0.020261538461538463 0.08501827040194884
0 0.7453230769230769 0.5289281364190013 0.01620769230769231 0.08501827040194884
0 0.8085076923076923 0.515700365408039 0.0119 0.07057247259439707
0 0.8257307692307693 0.5213154689403167 0.023553846153846154 0.09063337393422655
0 0.8475076923076923 0.5223142509135201 0.018484615384615384 0.08781973203410474
0 0.8640923076923076 0.5253227771010962 0.0157 0.08341047503045068
0 0.9626076923076924 0.5221071863580998 0.015192307692307692 0.08020706455542022
0 0.9741307692307691 0.5233130328867235 0.015953846153846152 0.07859926918392204