0 0.9425625 0.1620411392405063 0.04711805555555555 0.22640822784810127
0 0.9204375 0.1657753164556962 0.03711805555555556 0.2318512658227848
0 0.8895208333333334 0.1872151898734177 0.034965277777777776 0.28490506329113924
0 0.7210763888888888 0.17112341772151898 0.03742361111111111 0.10860759493670886
0 0.6782986111111111 0.20055379746835442 0.02579861111111111 0.15121835443037973
0 0.5653888888888888 0.2743037974683544 0.059180555555555556 0.22973101265822785
0 0.5392986111111111 0.24805379746835446 0.01986111111111111 0.12169303797468353
0 0.4997361111111111 0.23878164556962025 0.019618055555555555 0.0978006329113924
0 0.034791666666666665 0.4732436708860759 0.035645833333333335 0.28259493670886077
0 0.06718055555555555 0.46558544303797467 0.04697916666666667 0.25916139240506325
0 0.14106944444444444 0.41424050632911397 0.025527777777777778 0.16257911392405064