0 0.5941358024691358 0.6944444444444444 0.16203703703703703 0.41358024691358025
0 0.1716820987654321 0.7407407407407407 0.16589506172839505 0.345679012345679
0 0.04844135802469136 0.7648395061728395 0.09328317901234567 0.43420987654320986
0 0.2922685185185185 0.6391512345679012 0.07628472222222221 0.19064814814814815
0 0.38040123456790126 0.6358950617283952 0.0539429012345679 0.1711111111111111
0 0.4324961419753086 0.6712962962962963 0.07999614197530865 0.1429351851851852
0 0.9428780864197531 0.7296728395061728 0.11424382716049383 0.3482469135802469
0 0.7771643518518518 0.6490987654320988 0.09537037037037037 0.21575
0 0.7122646604938272 0.6128641975308642 0.05348379629629629 0.14849382716049384
0 0.6565432098765432 0.6384413580246914 0.04948302469135802 0.19443518518518518
0 0.4761342592592593 0.5958148148148148 0.040289351851851854 0.10918518518518518