0 0.1125270061728395 0.6456953642384106 0.08359182098765432 0.35982119205298013
0 0.19032793209876542 0.6335562913907284 0.043722993827160495 0.24282781456953642
0 0.7298109567901235 0.6501125827814569 0.06558641975308642 0.33333112582781455
0 0.37744212962962964 0.6390728476821192 0.06815972222222222 0.2759403973509934
0 0.30028163580246914 0.6037549668874171 0.06301311728395062 0.22296026490066226
0 0.9661766975308642 0.6721854304635762 0.06764274691358026 0.3509933774834437
0 0.6648649691358024 0.6158940397350994 0.06944444444444445 0.20750331125827814
0 0.48868441358024695 0.5905099337748344 0.0334375 0.18763576158940395
0 0.5529822530864197 0.5871986754966887 0.05401234567901234 0.18543046357615894
0 0.0489891975308642 0.6096092715231788 0.054517746913580245 0.17604635761589402
0 0.020015432098765433 0.586046357615894 0.018680555555555558 0.17473509933774836
0 0.012770061728395062 0.600774834437086 0.023256172839506175 0.15313907284768213
0 0.14544753086419754 0.5984834437086093 0.054517746913580245 0.15509933774834436
0 0.21940972222222224 0.5912847682119206 0.031643518518518515 0.15772185430463576
0 0.22741512345679013 0.587682119205298 0.028595679012345682 0.13612582781456956
0 0.27316743827160495 0.6043708609271523 0.040030864197530866 0.19698675496688742
0 0.4208989197530864 0.6082980132450331 0.03354938271604938 0.17473509933774836
0 0.4464429012345679 0.6037218543046358 0.027449845679012347 0.2113841059602649
0 0.5615817901234568 0.5801589403973509 0.038125 0.16819205298013246
0 0.5867438271604938 0.5886688741721854 0.028213734567901234 0.16164900662251655
0 0.6176273148148148 0.5867019867549669 0.05032407407407408 0.17604635761589402
0 0.6877739197530864 0.5968476821192054 0.02897376543209876 0.159682119205298
0 0.7987191358024692 0.6092781456953642 0.054135802469135796 0.268317880794702
0 0.8368441358024691 0.6066622516556291 0.057187499999999995 0.23298013245033114
0 0.900324074074074 0.608953642384106 0.06519290123456789 0.2100728476821192
0 0.9340663580246913 0.5927152317880795 0.02897376543209876 0.16688741721854305
0 0.8605208333333333 0.5905629139072848 0.02897376543209876 0.14441059602649006
0 0.7549421296296296 0.6173443708609272 0.03231481481481482 0.200841059602649
0 0.38842206790123457 0.5902251655629139 0.03371141975308642 0.14452980132450333
0 0.03827160493827161 0.5592582781456954 0.020165895061728396 0.09640397350993377
0 0.07209876543209877 0.5998344370860927 0.027106481481481485 0.15074834437086093