0 0.4402006172839506 0.8385416666666666 0.07947530864197531 0.3229166666666667
0 0.2708333333333333 0.8101851851851852 0.05864197530864197 0.23148148148148148
0 0.3117283950617284 0.8009259259259259 0.046296296296296294 0.23148148148148148
0 0.3568672839506173 0.7615740740740741 0.036265432098765434 0.16898148148148148
0 0.5933641975308642 0.8287037037037037 0.1095679012345679 0.3425925925925926
0 0.6628086419753086 0.8200231481481481 0.07561728395061729 0.3599537037037037
0 0.7635030864197531 0.8304398148148148 0.08410493827160494 0.33912037037037035
0 0.529320987654321 0.7563657407407407 0.040123456790123455 0.1863425925925926
0 0.48726851851851855 0.765625 0.03935185185185185 0.2048611111111111
0 0.9188541666666667 0.8211805555555556 0.13503086419753085 0.3576388888888889
0 0.8189043209876543 0.7674826388888889 0.04062885802469136 0.2132986111111111
0 0.8754012345679012 0.6979745370370369 0.0482445987654321 0.08760416666666666
0 0.7071797839506173 0.7584375 0.03554783950617284 0.1971064814814815
0 0.4050077160493827 0.7687731481481482 0.03806712962962963 0.2040914351851852