0 0.025312499999999998 0.6749862825788752 0.050624999999999996 0.3129080932784637
0 0.06537037037037037 0.6762825788751714 0.05667824074074074 0.28694101508916325
0 0.10337962962962963 0.6633676268861455 0.03469907407407408 0.22969135802469134
0 0.13423225308641976 0.648957475994513 0.04017746913580247 0.20657750342935527
0 0.1802739197530864 0.6322702331961592 0.03426697530864197 0.19320987654320987
0 0.19882330246913582 0.6243415637860082 0.02638503086419753 0.20019890260631001
0 0.21430555555555555 0.6404526748971193 0.034853395061728396 0.22098765432098766
0 0.24205632716049383 0.651358024691358 0.04216049382716049 0.2485116598079561
0 0.2791859567901234 0.6658367626886145 0.040922067901234566 0.2688957475994513
0 0.3054050925925926 0.6794650205761317 0.06443672839506173 0.26759945130315504
0 0.329537037037037 0.6523936899862827 0.030775462962962963 0.20489026063100138
0 0.3424614197530864 0.648888888888889 0.034135802469135806 0.20930727023319617
0 0.3879591049382716 0.6337654320987655 0.03516203703703704 0.21618655692729766
0 0.4146103395061729 0.6468792866941014 0.024209104938271605 0.20814128943758575
0 0.42643518518518514 0.6227914951989025 0.018989197530864196 0.1882990397805213
0 0.31565586419753083 0.5596433470507545 0.020104166666666666 0.054663923182441704
0 0.33535493827160495 0.5563100137174212 0.017445987654320986 0.047997256515775036
0 0.44233024691358025 0.6195953360768176 0.019440586419753086 0.17603566529492456
0 0.46099922839506174 0.5466460905349794 0.018842592592592595 0.043333333333333335
0 0.48767361111111107 0.6867146776406036 0.06146990740740741 0.28973936899862823
0 0.5511882716049383 0.5594444444444444 0.026026234567901232 0.05572702331961591
0 0.5792091049382716 0.626522633744856 0.020219907407407405 0.17083676268861456
0 0.5958912037037036 0.6034979423868313 0.028842592592592593 0.1262482853223594
0 0.6343016975308642 0.5695747599451304 0.024008487654320985 0.11411522633744856
0 0.6685262345679012 0.5787037037037037 0.046280864197530865 0.09718106995884773
0 0.6860532407407407 0.6900411522633745 0.04422067901234568 0.3037379972565158
0 0.6175578703703704 0.7275651577503429 0.056504629629629634 0.3450548696844993
0 0.6549151234567901 0.7698834019204389 0.04627314814814815 0.22443072702331965
0 0.6687692901234568 0.7204663923182442 0.04181327160493827 0.28727023319615913
0 0.7487114197530864 0.7709739368998628 0.0974537037037037 0.4286694101508916
0 0.7671720679012346 0.5391563786008231 0.020073302469135804 0.04054869684499314
0 0.7238618827160493 0.6452126200274348 0.028530092592592593 0.22569958847736626
0 0.7908719135802469 0.6539643347050754 0.03612268518518518 0.21801097393689986
0 0.935138888888889 0.6610425240054869 0.0394212962962963 0.23756515775034293
0 0.9793287037037037 0.6767832647462277 0.0348070987654321 0.2052331961591221
0 0.9610185185185185 0.6576748971193416 0.021844135802469133 0.22540466392318242