0 0.38483796296296297 0.7690329218106996 0.04822530864197531 0.1646090534979424
0 0.5179398148148148 0.7214506172839507 0.04050925925925926 0.14146090534979425
0 0.7667824074074074 0.6777263374485597 0.04050925925925926 0.13117283950617284
0 0.3279320987654321 0.5516975308641975 0.05401234567901234 0.11574074074074074
0 0.39448302469135804 0.42052469135802467 0.04822530864197531 0.13631687242798354
0 0.4591049382716049 0.4166666666666667 0.034722222222222224 0.1440329218106996
0 0.49382716049382713 0.3819444444444444 0.02700617283950617 0.13631687242798354
0 0.5217978395061729 0.41795267489711935 0.04050925925925926 0.14146090534979425
0 0.5545910493827161 0.38837448559670784 0.03665123456790124 0.1286008230452675
0 0.5931712962962963 0.4140946502057613 0.03665123456790124 0.1337448559670782
0 0.7233796296296297 0.39609053497942387 0.034722222222222224 0.15432098765432098
0 0.7484567901234568 0.38323045267489714 0.02700617283950617 0.1286008230452675