0 0.9799729938271605 0.8438677303139475 0.04005401234567901 0.1325115800308801
0 0.8256712962962962 0.848520329387545 0.06307098765432098 0.12911734431291816
0 0.712542438271605 0.8164539372104992 0.04508101851851851 0.07352032938754503
0 0.669675925925926 0.8253190941842512 0.04012731481481482 0.08290530108080289
0 0.6506558641975309 0.819583118888317 0.030748456790123457 0.0870766855378281
0 0.6131327160493827 0.8168888317035512 0.0453395061728395 0.09142305712815234
0 0.5524189814814814 0.7998558929490478 0.03022762345679012 0.06083118888317035
0 0.47750385802469136 0.7956845084920227 0.021628086419753088 0.0427560473494596
0 0.3695408950617284 0.7948378795676788 0.02398148148148148 0.019294904786412766
0 0.3202006172839506 0.8010061760164694 0.02562885802469136 0.02332475553268142
0 0.24916666666666668 0.8058286155429747 0.03698302469135802 0.032238805970149255
0 0.22857253086419754 0.8100411734431292 0.020320216049382715 0.033093154915079775
0 0.4750385802469136 0.8468965517241379 0.03273148148148148 0.02674729799279465