0 0.22955246913580246 0.7729571759259259 0.10930941358024691 0.4540856481481481
0 0.6880131172839505 0.6491145833333334 0.0591550925925926 0.24498263888888888
0 0.6468634259259259 0.5950983796296296 0.04115354938271605 0.1523900462962963
0 0.5376967592592593 0.5770775462962964 0.02623842592592593 0.12247685185185185
0 0.4546566358024691 0.5895486111111111 0.03320601851851852 0.11221064814814816
0 0.8160069444444445 0.5785821759259259 0.02851466049382716 0.10054398148148148
0 0.722037037037037 0.5806770833333333 0.025351080246913578 0.10034722222222223
0 0.7448804012345679 0.5839120370370371 0.0241087962962963 0.0965451388888889
0 0.8650270061728396 0.585949074074074 0.032692901234567896 0.1138136574074074
0 0.9237037037037036 0.5897800925925926 0.03761574074074074 0.11414930555555555
0 0.17891203703703704 0.581880787037037 0.05268904320987654 0.13648148148148148
0 0.09954475308641975 0.7714872685185186 0.19898533950617284 0.457025462962963