0 0.4185956790123457 0.6857638888888888 0.09902391975308643 0.5536284722222222
0 0.5079745370370371 0.6404340277777778 0.09001929012345679 0.6095659722222222
0 0.6597222222222222 0.6770833333333334 0.06944444444444445 0.32407407407407407
0 0.8744868827160495 0.6684027777777778 0.07458719135802469 0.3414351851851852
0 0.9587191358024691 0.7060185185185185 0.06301311728395062 0.27391782407407406
0 0.1073804012345679 0.6790104166666666 0.06044367283950617 0.2700636574074074
0 0.05336805555555556 0.6741898148148148 0.047581018518518516 0.2488425925925926
0 0.27327546296296296 0.6712962962962963 0.04243827160493827 0.24691550925925926
0 0.33629243827160493 0.67515625 0.05272762345679012 0.2353414351851852
0 0.20704861111111109 0.6857638888888888 0.030864197530864196 0.16396412037037036
0 0.5761304012345678 0.6770833333333334 0.036006944444444446 0.18132523148148147
0 0.6063541666666667 0.6761168981481481 0.02700617283950617 0.1523900462962963
0 0.7208063271604938 0.6915509259259259 0.047581018518518516 0.17553819444444443
0 0.7498341049382716 0.6907233796296296 0.025902777777777778 0.12483217592592594
0 0.8068788580246913 0.6907233796296296 0.022044753086419754 0.10168402777777778