0 0.6854436728395062 0.4424522845575477 0.2906365740740741 0.4684788895315211
0 0.32600308641975306 0.4810121457489878 0.1736111111111111 0.5147484094852516
0 0.1073804012345679 0.48582995951417 0.09645061728395062 0.262192018507808
0 0.2488425925925926 0.4318507807981492 0.09130787037037036 0.242914979757085
0 0.1909722222222222 0.43281087333718915 0.06815972222222222 0.15230190861769807
0 0.5401234567901234 0.48968768074031227 0.06172839506172839 0.2930422209369578
0 0.6102121913580247 0.4810121457489878 0.08359182098765432 0.18700404858299594
0 0.7883217592592592 0.5089647194910353 0.046296296296296294 0.15037593984962405
0 0.8841319444444444 0.521497975708502 0.05015432098765432 0.1638692886061307
0 0.4772685185185185 0.5154713707345286 0.03761574074074074 0.12097744360902254
0 0.41939814814814813 0.5137825332562175 0.022827932098765432 0.08868131868131869
0 0.7533680555555555 0.5179005205320995 0.03366898148148148 0.0851764025448236
0 0.824212962962963 0.5386697513013302 0.011222993827160493 0.061515326778484675
0 0.8349112654320988 0.5378831694621168 0.00947145061728395 0.06098901098901099
0 0.8442052469135802 0.5399884326200115 0.014729938271604938 0.05994216310005784
0 0.7218016975308642 0.5276286871023713 0.019641203703703702 0.09517061885482939