0 0.573395061728395 0.5574826388888889 0.037785493827160496 0.15817708333333333
0 0.37538194444444445 0.4041261574074074 0.06229166666666667 0.11188078703703705
0 0.4393518518518518 0.4079861111111111 0.06548225308641975 0.11766782407407408
0 0.5129591049382716 0.4113599537037037 0.07252314814814814 0.1244212962962963
0 0.5827121913580248 0.4041261574074074 0.06542824074074075 0.11960069444444443
0 0.649891975308642 0.4007523148148148 0.08275848765432098 0.11863425925925926
0 0.7241473765432099 0.4026793981481482 0.07565972222222223 0.12634837962962964
0 0.34615354938271603 0.5490451388888888 0.03898533950617284 0.1707175925925926
0 0.285883487654321 0.5533854166666666 0.03611496913580247 0.15046296296296297
0 0.21307484567901233 0.5544733796296296 0.03325231481481481 0.1511863425925926
0 0.5325077160493827 0.5598958333333334 0.032650462962962964 0.15480324074074073
0 0.6574421296296296 0.5486863425925926 0.042353395061728395 0.1801215277777778
0 0.7133719135802469 0.5541087962962963 0.04618827160493827 0.1707175925925926
0 0.7572492283950617 0.5620659722222222 0.0394212962962963 0.1605902777777778
0 0.7844945987654321 0.55953125 0.03025077160493827 0.16276041666666666
0 0.8165547839506173 0.5609780092592592 0.04229166666666667 0.16420717592592593
0 0.8676890432098766 0.5559201388888889 0.04039737654320987 0.16999421296296297
0 0.9284452160493828 0.5617071759259259 0.03169367283950617 0.1540798611111111
0 0.43634645061728394 0.5598958333333334 0.027438271604938273 0.1490162037037037
0 0.625474537037037 0.5523726851851852 0.03770061728395062 0.16030092592592593
0 0.47716049382716047 0.5630787037037037 0.03274305555555556 0.14930555555555555
0 0.15751543209876542 0.5555555555555556 0.02771219135802469 0.13541666666666666
0 0.09753086419753088 0.5529513888888888 0.02966435185185185 0.14293981481481483
0 0.030030864197530864 0.5506365740740741 0.03739969135802469 0.140625
0 0.06570987654320988 0.5379050925925926 0.02080246913580247 0.12789351851851852
0 0.013059413580246914 0.5465856481481481 0.021207561728395063 0.13020833333333334
0 0.12766203703703702 0.5471990740740741 0.02525077160493827 0.1350289351851852
0 0.40070987654320994 0.5481597222222222 0.05522762345679012 0.1819675925925926
0 0.25138503086419756 0.5365162037037037 0.021902006172839508 0.14247685185185185
0 0.19711033950617285 0.5475810185185185 0.022376543209876542 0.1431886574074074
0 0.0831983024691358 0.5427604166666666 0.01880787037037037 0.1285474537037037
0 0.3130401234567901 0.5404398148148148 0.01999614197530864 0.15461805555555555
0 0.26483410493827164 0.5511516203703704 0.029756944444444444 0.1453298611111111
0 0.4114776234567901 0.5470486111111111 0.02404320987654321 0.1699710648148148
0 0.500270061728395 0.5441898148148149 0.024996141975308646 0.17425347222222223
0 0.6062037037037037 0.5450810185185185 0.02928240740740741 0.16247106481481483
0 0.9594753086419753 0.555619212962963 0.031184413580246914 0.1385474537037037
0 0.9883680555555555 0.5554398148148147 0.02326388888888889 0.14818865740740741