0 0.36249614197530866 0.8575102880658436 0.04234182098765432 0.14917695473251028
0 0.5872145061728394 0.8590534979423868 0.03713734567901235 0.13203189300411525
0 0.6293248456790124 0.8590534979423868 0.04033564814814815 0.1337448559670782
0 0.26481095679012345 0.8757716049382716 0.04689814814814815 0.17820473251028807
0 0.30788194444444444 0.8800565843621398 0.053314043209876545 0.1791820987654321
0 0.7510763888888888 0.8855092592592593 0.04232253086419753 0.18518518518518517
0 0.7915779320987655 0.8851388888888889 0.04616512345679012 0.17856995884773663
0 0.837866512345679 0.8752211934156379 0.04724922839506173 0.1616718106995885
0 0.14566743827160494 0.8755864197530865 0.05063271604938272 0.1829783950617284
0 0.18643132716049382 0.863585390946502 0.029733796296296293 0.13393004115226337
0 0.18361882716049382 0.8041203703703704 0.019286265432098767 0.05571502057613169
0 0.13038194444444445 0.8507304526748971 0.028526234567901234 0.14464506172839506
0 0.42650077160493827 0.8322479423868313 0.017276234567901234 0.06481995884773663
0 0.2937114197530864 0.8271553497942387 0.018483796296296293 0.06964506172839506