0 0.4243827160493827 0.7319819819819819 0.046296296296296294 0.22522522522522523
0 0.8915895061728395 0.759009009009009 0.21682098765432098 0.481981981981982
0 0.23148148148148148 0.7615427927927928 0.06172839506172839 0.30686936936936937
0 0.11863425925925926 0.7263513513513513 0.06365740740740741 0.23085585585585586
0 0.28260030864197533 0.723536036036036 0.06751543209876543 0.1858108108108108
0 0.6323302469135802 0.7066441441441441 0.035493827160493825 0.20157657657657657
0 0.6674382716049383 0.6607545045045045 0.02854938271604938 0.11317567567567567
0 0.49421296296296297 0.6669481981981982 0.02854938271604938 0.12105855855855856
0 0.5208333333333334 0.6875 0.02546296296296296 0.07432432432432433
0 0.5603780864197531 0.6644144144144144 0.04128086419753087 0.134009009009009
0 0.4591049382716049 0.6638513513513513 0.023148148148148147 0.10022522522522523
0 0.3663194444444444 0.6731418918918919 0.02816358024691358 0.1266891891891892
0 0.33391203703703703 0.6694819819819819 0.03356481481481482 0.13626126126126126
0 0.8510802469135802 0.7364864864864865 0.06867283950617284 0.21283783783783783
0 0.7447916666666666 0.7485923423423423 0.062114197530864196 0.2505630630630631
0 0.7048611111111112 0.737331081081081 0.03780864197530864 0.23141891891891891
0 0.7797067901234568 0.7342342342342343 0.04552469135802469 0.2533783783783784
0 0.03089891975308642 0.7287894144144144 0.05608024691358025 0.21998873873873873
0 0.3956751543209876 0.6814864864864865 0.02570216049382716 0.1204954954954955