0 0.23652391975308643 0.6554696789536266 0.02994212962962963 0.12447681331747919
0 0.5881057098765432 0.6534898929845423 0.03336033950617284 0.133769322235434
0 0.922619598765432 0.6391200951248514 0.04845293209876543 0.1654756242568371
0 0.8522183641975308 0.6817122473246137 0.06262345679012346 0.2625505350772889
0 0.594753086419753 0.7152972651605233 0.09733796296296297 0.31287158145065397
0 0.6632677469135803 0.7214387633769322 0.08250771604938271 0.3673008323424494
0 0.4269367283950617 0.6434601664684899 0.02576774691358025 0.10146848989298453
0 0.9857947530864197 0.6366646848989298 0.028406635802469132 0.14281212841854934
0 0.9546990740740741 0.6326397146254459 0.04346064814814815 0.159179548156956
0 0.28752314814814817 0.6465814506539833 0.018287037037037036 0.09244946492271106
0 0.30647376543209875 0.6433174791914388 0.014594907407407407 0.0767717003567182
0 0.017098765432098765 0.6690725326991678 0.03407407407407407 0.1642627824019025
0 0.04864969135802469 0.6714447086801426 0.06505787037037036 0.17451248513674195
0 0.12694444444444444 0.6696967895362664 0.036084104938271605 0.17467895362663496
0 0.5626041666666667 0.633614744351962 0.014085648148148147 0.06585612366230678
0 0.36311342592592594 0.6409928656361475 0.017723765432098765 0.06777645659928656
0 0.26350308641975306 0.6383174791914388 0.015455246913580249 0.06463139120095124