0 0.46617669753086416 0.6269270833333332 0.05787037037037037 0.2507696759259259
0 0.3722993827160494 0.5353009259259259 0.2353395061728395 0.6307870370370371
0 0.2552739197530864 0.5410879629629629 0.23019675925925925 0.6346469907407408
0 0.1073804012345679 0.6471817129629629 0.047581018518518516 0.2025462962962963
0 0.549494598765432 0.646082175925926 0.019841820987654323 0.09010995370370371
0 0.6048842592592593 0.6659201388888889 0.025902777777777778 0.09342013888888889
0 0.6682638888888889 0.6700578703703703 0.029209104938271602 0.10003472222222223
0 0.5748456790123457 0.6733622685185184 0.019841820987654323 0.08184606481481482
0 0.7746373456790123 0.6667476851851852 0.02259645061728395 0.10168402777777778
0 0.8220331790123457 0.664681712962963 0.03802854938271605 0.12731481481481483
0 0.8399459876543209 0.6588946759259259 0.0451929012345679 0.14219328703703704
0 0.8724652777777777 0.6613773148148148 0.029760802469135803 0.12235532407407408
0 0.7509375 0.6543460648148148 0.015983796296296295 0.07688657407407408
0 0.7010570987654321 0.6510416666666666 0.023148148148148147 0.032239583333333335
0 0.7291666666666666 0.6551736111111112 0.02645447530864197 0.03059027777777778
0 0.7288927469135802 0.5964756944444445 0.03913194444444445 0.08019097222222221