0 0.9516010802469137 0.6238919036249186 0.09679783950617284 0.2775341871065769
0 0.9042901234567902 0.6140156283915781 0.11653163580246914 0.2518906012589538
0 0.03770833333333333 0.63903407857608 0.07541666666666666 0.10040590405904058
0 0.07391975308641975 0.5887084870848708 0.06323688271604938 0.13189711308877794
0 0.02045524691358025 0.5522552637291078 0.040906635802469136 0.08694378120251792
0 0.36472993827160494 0.5586629042761017 0.04510802469135802 0.09512263946168874
0 0.24700231481481483 0.564853483828956 0.06491512345679012 0.06582157586281745
0 0.2950462962962963 0.539989146950293 0.031905864197530866 0.053648795311482526
0 0.3058641975308642 0.5269893640112872 0.028607253086419756 0.03961797265031474
0 0.34327546296296296 0.5329737356197091 0.017604166666666667 0.07510744519209897
0 0.39113425925925926 0.519459518124593 0.028240740740740743 0.033633601041892766
0 0.4413773148148148 0.554638593444758 0.04070987654320987 0.0845995224658129
0 0.4118557098765432 0.5269893640112872 0.044008487654320985 0.03590405904059041
0 0.5987114197530864 0.49026264380290857 0.12065972222222222 0.03631647492945518
0 0.7967554012345679 0.5524723247232471 0.039976851851851854 0.08480573041024528