0 0.4604938271604938 0.8818807870370371 0.031940586419753086 0.12009837962962963
0 0.3848649691358025 0.9435358796296297 0.03851466049382716 0.11292824074074073
0 0.2909143518518518 0.9381597222222223 0.03359182098765432 0.12367476851851852
0 0.32067129629629626 0.9279918981481481 0.03027391975308642 0.10829861111111111
0 0.32700617283950617 0.9069097222222223 0.03523148148148148 0.12731481481481483
0 0.3537345679012346 0.8961631944444444 0.030262345679012346 0.13558449074074075
0 0.6044598765432099 0.8825231481481481 0.03677854938271605 0.11987268518518518
0 0.7844212962962963 0.8788020833333333 0.026338734567901232 0.13227430555555555
0 0.9015162037037037 0.943119212962963 0.043375771604938274 0.11375578703703704
0 0.8461381172839506 0.8961631944444444 0.025212191358024688 0.14054398148148148
0 0.8681790123456791 0.9085648148148148 0.025204475308641974 0.13061921296296297
0 0.6788927469135803 0.923443287037037 0.04235725308641976 0.15211805555555558
0 0.9790470679012346 0.9427083333333334 0.04190972222222222 0.11458333333333333
0 0.5500925925925926 0.8749189814814814 0.026103395061728395 0.11443287037037038
0 0.3992013888888889 0.9230324074074074 0.020891203703703703 0.11491319444444444
0 0.22253086419753085 0.9250983796296296 0.039023919753086424 0.13227430555555555
0 0.24347222222222223 0.9323726851851852 0.03350694444444444 0.1352488425925926
0 0.0164429012345679 0.8878993055555555 0.02367283950617284 0.10582175925925927
0 0.3680979938271605 0.8574479166666668 0.01915509259259259 0.08166087962962963
0 0.07665895061728395 0.9214236111111112 0.03469135802469136 0.09902199074074075
0 0.3043672839506173 0.8878356481481482 0.017334104938271606 0.10104166666666667
0 0.2596643518518518 0.8941493055555555 0.035910493827160495 0.12109953703703703
0 0.10550154320987654 0.9188541666666666 0.017334104938271606 0.08952546296296296
0 0.026747685185185183 0.9194097222222223 0.03219521604938272 0.05497685185185185
0 0.05795138888888889 0.9110532407407407 0.022785493827160493 0.10958912037037037