0 0.28570216049382713 0.6270027434842249 0.06039737654320988 0.3486488340192044
0 0.3949884259259259 0.6561522633744856 0.0796412037037037 0.45953360768175583
0 0.6505362654320987 0.6592661179698217 0.09047453703703703 0.5069204389574761
0 0.11722608024691358 0.5646982167352538 0.02951774691358025 0.17832647462277093
0 0.160258487654321 0.5637037037037037 0.030817901234567898 0.1483196159122085
0 0.2459722222222222 0.6144581618655692 0.04577160493827161 0.27150205761316876
0 0.20679783950617284 0.5461454046639231 0.0185570987654321 0.1246227709190672
0 0.18391203703703704 0.55860768175583 0.02309027777777778 0.1246227709190672
0 0.982037037037037 0.6117626886145405 0.03257716049382716 0.20893004115226338
0 0.9665740740740741 0.5421193415637859 0.023915895061728396 0.0945679012345679
0 0.9774999999999999 0.5017969821673526 0.019382716049382718 0.05351851851851852
0 0.7377121913580247 0.5721742112482854 0.032164351851851854 0.16934156378600823
0 0.7867824074074073 0.5915980795610425 0.04206018518518519 0.16567901234567903
0 0.8214236111111112 0.571803840877915 0.02721450617283951 0.17154320987654323
0 0.8562654320987655 0.5751028806584362 0.026801697530864196 0.17373799725651579
0 0.892349537037037 0.5809670781893004 0.028040123456790127 0.19426611796982168
0 0.9201813271604938 0.60039780521262 0.028452932098765434 0.1891358024691358
0 0.7595679012345679 0.5190260631001372 0.013194444444444446 0.05278463648834019
0 0.7731751543209876 0.5124279835390947 0.011547067901234567 0.04398491083676268
0 0.6793634259259259 0.526358024691358 0.021030092592592593 0.09969821673525378
0 0.8023688271604937 0.5313237311385459 0.020551697530864197 0.08628943758573389
0 0.8404359567901234 0.5189711934156378 0.013699845679012345 0.07689986282578876
0 0.7483487654320988 0.5003566529492456 0.00998070987654321 0.033401920438957476
0 0.705486111111111 0.49896433470507545 0.005285493827160493 0.035493827160493825
0 0.712434413580247 0.519320987654321 0.010960648148148148 0.05462962962962963
0 0.7669444444444444 0.492002743484225 0.0076350308641975305 0.02296296296296296