0 0.019675925925925927 0.7060185185185185 0.03935185185185185 0.21064814814814814
0 0.06597222222222222 0.7054398148148148 0.05478395061728395 0.2326388888888889
0 0.11342592592592593 0.7112268518518519 0.040123456790123455 0.19560185185185186
0 0.15162037037037038 0.7100694444444444 0.033179012345679014 0.2048611111111111
0 0.18094135802469136 0.7042824074074074 0.03009259259259259 0.22569444444444445
0 0.21373456790123457 0.7008101851851852 0.05092592592592592 0.2789351851851852
0 0.2569444444444444 0.7042824074074074 0.035493827160493825 0.2511574074074074
0 0.29899691358024694 0.6990740740740741 0.06558641975308642 0.30787037037037035
0 0.345679012345679 0.7083333333333334 0.05401234567901234 0.30092592592592593
0 0.3942901234567901 0.6857638888888888 0.06481481481481481 0.36921296296296297
0 0.4702932098765432 0.6875 0.08719135802469136 0.39814814814814814
0 0.5223765432098766 0.6840277777777778 0.05864197530864197 0.39351851851851855
0 0.5895061728395061 0.6817129629629629 0.12808641975308643 0.4166666666666667
0 0.7040895061728395 0.6921296296296297 0.07021604938271606 0.4583333333333333
0 0.7866512345679012 0.7135416666666666 0.06712962962962964 0.41550925925925924
0 0.8641975308641975 0.6938657407407407 0.10648148148148148 0.4664351851851852
0 0.9077932098765432 0.6938657407407407 0.06404320987654322 0.4525462962962963
0 0.9629629629629629 0.7181712962962963 0.07407407407407407 0.3993055555555556
0 0.6284722222222222 0.5978009259259259 0.03935185185185185 0.12152777777777778