0 0.9314930555555555 0.6317832647462277 0.13701388888888888 0.7364334705075446
0 0.020027006172839507 0.5503429355281207 0.03924382716049383 0.36397119341563783
0 0.09161651234567901 0.4687174211248285 0.05652777777777778 0.18819615912208504
0 0.12145833333333333 0.5990397805212619 0.06338348765432099 0.2578943758573388
0 0.20096836419753086 0.5764334705075446 0.029602623456790125 0.24398491083676271
0 0.22956018518518517 0.5720850480109739 0.02427854938271605 0.23529492455418383
0 0.1643287037037037 0.4974897119341564 0.02851851851851852 0.24887517146776406
0 0.17871141975308644 0.4810562414266118 0.03302083333333333 0.23479423868312757
0 0.24973765432098768 0.52900548696845 0.04262731481481481 0.30407407407407405
0 0.3025192901234568 0.49192729766803844 0.06719521604938271 0.24087791495198901
0 0.13121527777777778 0.4246707818930041 0.02474537037037037 0.09088477366255143
0 0.3934259259259259 0.4520233196159122 0.017245370370370373 0.11624142661179697
0 0.41780092592592594 0.4528395061728395 0.03514274691358025 0.13949931412894376
0 0.4558217592592593 0.5069958847736625 0.049907407407407414 0.21227709190672153
0 0.5139969135802469 0.5368655692729767 0.08503472222222222 0.29626886145404663
0 0.5681944444444444 0.5428052126200275 0.06648533950617284 0.26720850480109737
0 0.49656249999999996 0.4341769547325103 0.020385802469135805 0.04995884773662552
0 0.8170717592592592 0.6881961591220851 0.11932098765432098 0.6236145404663923