0 0.6331828703703704 0.7763236168947055 0.04162037037037037 0.15466983938132065
0 0.5004282407407407 0.7559964306960142 0.042310956790123457 0.14376561570493754
0 0.5190702160493827 0.7455859607376562 0.02044753086419753 0.14674003569303984
0 0.9020138888888889 0.8239143367043427 0.07447145061728395 0.28752528256989884
0 0.9328317901234568 0.802760261748959 0.07263117283950617 0.2544794765020821
0 0.021963734567901235 0.7829982153480072 0.04285108024691358 0.1680547293277811
0 0.1426929012345679 0.7466745984533016 0.02717206790123457 0.09540749553837001
0 0.1716010802469136 0.7428019036287924 0.025351080246913578 0.0921891731112433
0 0.20602237654320987 0.7274538964901843 0.026732253086419754 0.08862581796549672
0 0.055273919753086424 0.7296133254015467 0.022453703703703705 0.07334324806662701
0 0.11820216049382716 0.726597263533611 0.01925925925925926 0.06429506246281975
0 0.3851118827160494 0.7158060678167757 0.022195216049382717 0.07738845925044617
0 0.4323996913580247 0.7132659131469363 0.011176697530864197 0.06326591314693635
0 0.22820987654320987 0.7350267697798929 0.02222608024691358 0.08417013682331946
0 0.24467592592592594 0.7326591314693635 0.024849537037037035 0.07793575252825699
0 0.9869135802469136 0.6986020226055919 0.026176697530864195 0.058060678167757285
0 0.8515354938271604 0.7501368233194528 0.03602237654320988 0.1400237953599048
0 0.7923418209876543 0.7324211778703154 0.048638117283950615 0.13022010707911957
0 0.5556520061728395 0.7180666270077335 0.024016203703703703 0.07286734086853064
0 0.5428086419753086 0.7113146936347412 0.015925925925925927 0.06991671624033313
0 0.6682214506172839 0.7102855443188578 0.018425925925925925 0.052784057108863774
0 0.6867785493827161 0.7225520523497917 0.021315586419753087 0.0652587745389649
0 0.7080439814814815 0.7196787626412849 0.01789351851851852 0.06553242117787031