0 0.1433912037037037 0.6992650462962963 0.03986496913580247 0.22569444444444445
0 0.49382716049382713 0.7320601851851852 0.07716049382716049 0.22955439814814815
0 0.18518518518518517 0.6819039351851851 0.038580246913580245 0.17553819444444443
0 0.22505015432098768 0.6635821759259259 0.036006944444444446 0.15046296296296297
0 0.3189313271604938 0.6838368055555556 0.020574845679012344 0.13696180555555554
0 0.3472222222222222 0.670329861111111 0.0334375 0.1523900462962963
0 0.38290895061728397 0.6606886574074075 0.03922453703703704 0.14274884259259257
0 0.5320871913580247 0.6524884259259259 0.04179398148148148 0.12828124999999999
0 0.5574845679012346 0.6843171296296297 0.036006944444444446 0.16493055555555555
0 0.5864197530864198 0.6905844907407407 0.03214891975308642 0.1350289351851852
0 0.6278935185185185 0.6404340277777778 0.018645833333333334 0.10223958333333333
0 0.6896219135802469 0.6356076388888888 0.027650462962962963 0.09451967592592593
0 0.7253086419753086 0.6418807870370371 0.0180054012345679 0.09934606481481481
0 0.6484683641975308 0.6399479166666666 0.01607638888888889 0.09162615740740741
0 0.07300540123456789 0.6574942129629631 0.06113425925925926 0.14601273148148147
0 0.08992283950617284 0.6599421296296297 0.025520833333333336 0.12420138888888889
0 0.2662037037037037 0.6392476851851852 0.03620756172839506 0.08991898148148147
0 0.4153317901234568 0.6290046296296297 0.018695987654320987 0.08012731481481482
0 0.2838618827160494 0.6185474537037037 0.01810185185185185 0.06543981481481481
0 0.47112268518518524 0.6129803240740741 0.01572916666666667 0.056979166666666664
0 0.4935300925925926 0.6067476851851852 0.017214506172839504 0.05074652777777778
0 0.9580092592592592 0.6505960648148148 0.02320216049382716 0.09807291666666666
0 0.7990663580246913 0.6567013888888888 0.01747685185185185 0.10485532407407407
0 0.7763194444444445 0.637037037037037 0.02681712962962963 0.1025925925925926
0 0.8201581790123457 0.6429166666666667 0.01566743827160494 0.08813078703703703
0 0.8395949074074074 0.6386226851851852 0.027418981481481478 0.10304976851851852
0 0.8781597222222223 0.6542129629629629 0.03585648148148148 0.09536458333333332
0 0.9122106481481481 0.6666435185185186 0.038267746913580244 0.11299189814814815
0 0.9274266975308642 0.6618981481481482 0.04519675925925926 0.1224826388888889
0 0.8969945987654322 0.6406539351851852 0.01566743827160494 0.09988425925925926
0 0.8564660493827161 0.6392997685185186 0.020189043209876543 0.08903356481481481
0 0.8442631172839505 0.6422395833333333 0.011450617283950618 0.0840625
0 0.7498032407407408 0.6313888888888889 0.025007716049382712 0.08949074074074073
0 0.43571759259259263 0.6120833333333334 0.013722993827160494 0.0675462962962963
0 0.44472222222222224 0.6226967592592593 0.012866512345679013 0.07076388888888889