0 0.04426041666666667 0.9281116389548694 0.07769270833333333 0.11598574821852731
0 0.4409895833333334 0.31372921615201904 0.034208333333333334 0.09623515439429929
0 0.2876666666666667 0.28371733966745843 0.026526041666666667 0.12527315914489312
0 0.30458854166666666 0.3027909738717339 0.02950520833333333 0.13811163895486936
0 0.322953125 0.2889667458432304 0.02959895833333333 0.13577197149643705
0 0.3466510416666667 0.32583135391923995 0.022979166666666665 0.07204275534441805
0 0.3797291666666667 0.3030878859857482 0.022588541666666666 0.07053444180522565
0 0.31623437499999996 0.14052256532066507 0.032072916666666666 0.10788598574821853
0 0.333125 0.14447743467933494 0.017145833333333336 0.10298099762470309
0 0.34489583333333335 0.1173396674584323 0.019473958333333333 0.11028503562945369
0 0.36155729166666667 0.11633016627078385 0.019036458333333332 0.10827790973871734
0 0.391421875 0.08557007125890737 0.018489583333333334 0.11382422802850356
0 0.44758333333333333 0.05137767220902613 0.010744791666666666 0.05204275534441805
0 0.4584322916666667 0.0498812351543943 0.013161458333333332 0.049038004750593826
0 0.4964010416666667 0.044833729216152016 0.014828125 0.05213776722090261