0 0.6923802083333332 0.07231591448931117 0.015963541666666668 0.1126128266033254
0 0.7036145833333334 0.08356294536817102 0.0136875 0.10327790973871734
0 0.7171875 0.07122327790973872 0.014812500000000001 0.11478622327790974
0 0.6049270833333333 0.09343230403800475 0.014916666666666667 0.09406175771971496
0 0.6316927083333332 0.1011520190023753 0.02022916666666667 0.10229216152019002
0 0.6097135416666667 0.17199524940617578 0.01688020833333333 0.1224228028503563
0 0.6231822916666666 0.17456057007125889 0.015901041666666667 0.13045130641330166
0 0.6668229166666666 0.06876484560570072 0.02322916666666667 0.08814726840855107
0 0.6696354166666667 0.15249406175771973 0.019338541666666667 0.13116389548693586
0 0.6799635416666666 0.17054631828978623 0.023489583333333335 0.06743467933491687
0 0.6832395833333333 0.23438242280285035 0.03194270833333333 0.10684085510688836
0 0.7783802083333333 0.2187648456057007 0.027421875 0.0973040380047506
0 0.6788697916666667 0.3680878859857482 0.025104166666666667 0.08631828978622329
0 0.5962291666666667 0.34882422802850355 0.01846354166666667 0.08539192399049882
0 0.6174010416666668 0.35362232779097386 0.01765625 0.08631828978622329
0 0.3440729166666667 0.4372209026128266 0.028140625 0.18549881235154395
0 0.23602083333333335 0.5785748218527316 0.048088541666666665 0.13108076009501188
0 0.24378125 0.6934085510688837 0.033151041666666665 0.21319477434679335
0 0.2773541666666667 0.6951543942992875 0.03177083333333333 0.2123396674584323
0 0.30472916666666666 0.7765558194774347 0.03702083333333333 0.23767220902612826
0 0.37884375 0.7212351543942993 0.0399375 0.12992874109263658
0 0.4387916666666667 0.7017220902612827 0.039265625 0.12992874109263658
0 0.5444635416666667 0.7837054631828979 0.04945833333333333 0.18827790973871733
0 0.5006614583333333 0.21371733966745843 0.017338541666666665 0.13453681710213777